0.001000	-1.000000
0.002000	-0.999306
0.003000	-0.998609
0.004000	-0.997909
0.005000	-0.997208
0.006000	-0.996503
0.007000	-0.995796
0.008000	-0.995087
0.009000	-0.994375
0.010000	-0.993661
0.011000	-0.992944
0.012000	-0.992225
0.013000	-0.991504
0.014000	-0.990779
0.015000	-0.990053
0.016000	-0.989324
0.017000	-0.988592
0.018000	-0.987858
0.019000	-0.987121
0.020000	-0.986382
0.021000	-0.985641
0.022000	-0.984896
0.023000	-0.984150
0.024000	-0.983401
0.025000	-0.982649
0.026000	-0.981895
0.027000	-0.981139
0.028000	-0.980380
0.029000	-0.979618
0.030000	-0.978854
0.031000	-0.978088
0.032000	-0.977319
0.033000	-0.976547
0.034000	-0.975774
0.035000	-0.974997
0.036000	-0.974218
0.037000	-0.973437
0.038000	-0.972653
0.039000	-0.971866
0.040000	-0.971078
0.041000	-0.970286
0.042000	-0.969492
0.043000	-0.968696
0.044000	-0.967897
0.045000	-0.967096
0.046000	-0.966292
0.047000	-0.965485
0.048000	-0.964677
0.049000	-0.963865
0.050000	-0.963051
0.051000	-0.962235
0.052000	-0.961416
0.053000	-0.960595
0.054000	-0.959771
0.055000	-0.958945
0.056000	-0.958116
0.057000	-0.957285
0.058000	-0.956451
0.059000	-0.955614
0.060000	-0.954776
0.061000	-0.953934
0.062000	-0.953090
0.063000	-0.952244
0.064000	-0.951395
0.065000	-0.950544
0.066000	-0.949690
0.067000	-0.948834
0.068000	-0.947975
0.069000	-0.947114
0.070000	-0.946250
0.071000	-0.945383
0.072000	-0.944515
0.073000	-0.943643
0.074000	-0.942769
0.075000	-0.941893
0.076000	-0.941014
0.077000	-0.940133
0.078000	-0.939249
0.079000	-0.938362
0.080000	-0.937473
0.081000	-0.936582
0.082000	-0.935688
0.083000	-0.934792
0.084000	-0.933893
0.085000	-0.932991
0.086000	-0.932087
0.087000	-0.931181
0.088000	-0.930272
0.089000	-0.929360
0.090000	-0.928446
0.091000	-0.927530
0.092000	-0.926611
0.093000	-0.925689
0.094000	-0.924765
0.095000	-0.923839
0.096000	-0.922910
0.097000	-0.921978
0.098000	-0.921044
0.099000	-0.920107
0.100000	-0.919168
0.101000	-0.918227
0.102000	-0.917282
0.103000	-0.916336
0.104000	-0.915386
0.105000	-0.914435
0.106000	-0.913481
0.107000	-0.912524
0.108000	-0.911565
0.109000	-0.910603
0.110000	-0.909639
0.111000	-0.908672
0.112000	-0.907702
0.113000	-0.906731
0.114000	-0.905756
0.115000	-0.904779
0.116000	-0.903800
0.117000	-0.902818
0.118000	-0.901834
0.119000	-0.900847
0.120000	-0.899857
0.121000	-0.898865
0.122000	-0.897871
0.123000	-0.896873
0.124000	-0.895874
0.125000	-0.894872
0.126000	-0.893867
0.127000	-0.892860
0.128000	-0.891850
0.129000	-0.890838
0.130000	-0.889823
0.131000	-0.888806
0.132000	-0.887786
0.133000	-0.886764
0.134000	-0.885739
0.135000	-0.884712
0.136000	-0.883682
0.137000	-0.882650
0.138000	-0.881615
0.139000	-0.880577
0.140000	-0.879537
0.141000	-0.878495
0.142000	-0.877450
0.143000	-0.876402
0.144000	-0.875352
0.145000	-0.874299
0.146000	-0.873244
0.147000	-0.872187
0.148000	-0.871126
0.149000	-0.870064
0.150000	-0.868998
0.151000	-0.867930
0.152000	-0.866860
0.153000	-0.865787
0.154000	-0.864712
0.155000	-0.863634
0.156000	-0.862553
0.157000	-0.861470
0.158000	-0.860385
0.159000	-0.859297
0.160000	-0.858206
0.161000	-0.857113
0.162000	-0.856017
0.163000	-0.854919
0.164000	-0.853818
0.165000	-0.852715
0.166000	-0.851609
0.167000	-0.850500
0.168000	-0.849389
0.169000	-0.848276
0.170000	-0.847160
0.171000	-0.846041
0.172000	-0.844920
0.173000	-0.843797
0.174000	-0.842670
0.175000	-0.841542
0.176000	-0.840410
0.177000	-0.839277
0.178000	-0.838140
0.179000	-0.837001
0.180000	-0.835860
0.181000	-0.834716
0.182000	-0.833569
0.183000	-0.832420
0.184000	-0.831269
0.185000	-0.830114
0.186000	-0.828958
0.187000	-0.827799
0.188000	-0.826637
0.189000	-0.825472
0.190000	-0.824305
0.191000	-0.823136
0.192000	-0.821964
0.193000	-0.820790
0.194000	-0.819612
0.195000	-0.818433
0.196000	-0.817251
0.197000	-0.816066
0.198000	-0.814879
0.199000	-0.813689
0.200000	-0.812496
0.201000	-0.811301
0.202000	-0.810104
0.203000	-0.808904
0.204000	-0.807701
0.205000	-0.806496
0.206000	-0.805288
0.207000	-0.804078
0.208000	-0.802865
0.209000	-0.801650
0.210000	-0.800432
0.211000	-0.799212
0.212000	-0.797988
0.213000	-0.796763
0.214000	-0.795535
0.215000	-0.794304
0.216000	-0.793071
0.217000	-0.791835
0.218000	-0.790597
0.219000	-0.789356
0.220000	-0.788112
0.221000	-0.786866
0.222000	-0.785617
0.223000	-0.784366
0.224000	-0.783113
0.225000	-0.781856
0.226000	-0.780597
0.227000	-0.779336
0.228000	-0.778072
0.229000	-0.776805
0.230000	-0.775536
0.231000	-0.774265
0.232000	-0.772990
0.233000	-0.771714
0.234000	-0.770434
0.235000	-0.769152
0.236000	-0.767868
0.237000	-0.766581
0.238000	-0.765291
0.239000	-0.763999
0.240000	-0.762704
0.241000	-0.761407
0.242000	-0.760107
0.243000	-0.758805
0.244000	-0.757500
0.245000	-0.756192
0.246000	-0.754882
0.247000	-0.753569
0.248000	-0.752254
0.249000	-0.750936
0.250000	-0.749615
0.251000	-0.748292
0.252000	-0.746967
0.253000	-0.745639
0.254000	-0.744308
0.255000	-0.742975
0.256000	-0.741639
0.257000	-0.740300
0.258000	-0.738959
0.259000	-0.737616
0.260000	-0.736270
0.261000	-0.734921
0.262000	-0.733570
0.263000	-0.732216
0.264000	-0.730859
0.265000	-0.729500
0.266000	-0.728139
0.267000	-0.726775
0.268000	-0.725408
0.269000	-0.724038
0.270000	-0.722667
0.271000	-0.721292
0.272000	-0.719915
0.273000	-0.718535
0.274000	-0.717153
0.275000	-0.715768
0.276000	-0.714381
0.277000	-0.712991
0.278000	-0.711598
0.279000	-0.710203
0.280000	-0.708806
0.281000	-0.707405
0.282000	-0.706002
0.283000	-0.704597
0.284000	-0.703189
0.285000	-0.701778
0.286000	-0.700365
0.287000	-0.698949
0.288000	-0.697531
0.289000	-0.696110
0.290000	-0.694686
0.291000	-0.693260
0.292000	-0.691831
0.293000	-0.690400
0.294000	-0.688966
0.295000	-0.687530
0.296000	-0.686090
0.297000	-0.684649
0.298000	-0.683204
0.299000	-0.681758
0.300000	-0.680308
0.301000	-0.678856
0.302000	-0.677401
0.303000	-0.675944
0.304000	-0.674484
0.305000	-0.673022
0.306000	-0.671557
0.307000	-0.670089
0.308000	-0.668619
0.309000	-0.667146
0.310000	-0.665671
0.311000	-0.664193
0.312000	-0.662712
0.313000	-0.661229
0.314000	-0.659743
0.314999	-0.658255
0.315999	-0.656764
0.316999	-0.655271
0.317999	-0.653774
0.318999	-0.652276
0.319999	-0.650774
0.320999	-0.649270
0.321999	-0.647764
0.322999	-0.646255
0.323999	-0.644743
0.324999	-0.643228
0.325999	-0.641712
0.326999	-0.640192
0.327999	-0.638670
0.328999	-0.637145
0.329999	-0.635618
0.330999	-0.634088
0.331999	-0.632555
0.332999	-0.631020
0.333999	-0.629482
0.334999	-0.627942
0.335999	-0.626399
0.336999	-0.624853
0.337999	-0.623305
0.338999	-0.621754
0.339999	-0.620201
0.340999	-0.618645
0.341999	-0.617086
0.342999	-0.615525
0.343999	-0.613961
0.344999	-0.612395
0.345999	-0.610825
0.346999	-0.609254
0.347999	-0.607679
0.348999	-0.606103
0.349999	-0.604523
0.350999	-0.602941
0.351999	-0.601356
0.352999	-0.599769
0.353999	-0.598179
0.354999	-0.596586
0.355999	-0.594991
0.356999	-0.593393
0.357999	-0.591793
0.358999	-0.590190
0.359999	-0.588584
0.360999	-0.586976
0.361999	-0.585365
0.362999	-0.583751
0.363999	-0.582135
0.364999	-0.580517
0.365999	-0.578895
0.366999	-0.577271
0.367999	-0.575645
0.368999	-0.574015
0.369999	-0.572384
0.370999	-0.570749
0.371999	-0.569112
0.372999	-0.567472
0.373999	-0.565830
0.374999	-0.564185
0.375999	-0.562538
0.376999	-0.560887
0.377999	-0.559235
0.378999	-0.557579
0.379999	-0.555921
0.380999	-0.554260
0.381999	-0.552597
0.382999	-0.550931
0.383999	-0.549263
0.384999	-0.547591
0.385999	-0.545918
0.386999	-0.544241
0.387999	-0.542562
0.388999	-0.540880
0.389999	-0.539196
0.390999	-0.537509
0.391998	-0.535820
0.392998	-0.534127
0.393998	-0.532432
0.394998	-0.530735
0.395998	-0.529035
0.396998	-0.527332
0.397998	-0.525627
0.398998	-0.523919
0.399998	-0.522208
0.400998	-0.520495
0.401998	-0.518779
0.402998	-0.517060
0.403998	-0.515339
0.404998	-0.513615
0.405998	-0.511889
0.406998	-0.510160
0.407998	-0.508428
0.408998	-0.506694
0.409998	-0.504957
0.410998	-0.503217
0.411998	-0.501475
0.412998	-0.499730
0.413998	-0.497982
0.414998	-0.496232
0.415998	-0.494479
0.416998	-0.492724
0.417998	-0.490966
0.418998	-0.489205
0.419998	-0.487442
0.420998	-0.485676
0.421998	-0.483907
0.422998	-0.482136
0.423998	-0.480362
0.424998	-0.478585
0.425998	-0.476806
0.426998	-0.475024
0.427998	-0.473239
0.428998	-0.471452
0.429998	-0.469662
0.430998	-0.467870
0.431998	-0.466075
0.432998	-0.464277
0.433998	-0.462477
0.434998	-0.460674
0.435998	-0.458868
0.436998	-0.457060
0.437998	-0.455249
0.438998	-0.453435
0.439998	-0.451618
0.440998	-0.449800
0.441998	-0.447978
0.442998	-0.446154
0.443998	-0.444327
0.444998	-0.442497
0.445998	-0.440665
0.446998	-0.438830
0.447998	-0.436992
0.448998	-0.435152
0.449998	-0.433309
0.450998	-0.431464
0.451998	-0.429616
0.452998	-0.427765
0.453998	-0.425911
0.454998	-0.424055
0.455998	-0.422197
0.456998	-0.420335
0.457998	-0.418471
0.458998	-0.416604
0.459998	-0.414735
0.460998	-0.412863
0.461998	-0.410988
0.462998	-0.409110
0.463998	-0.407230
0.464998	-0.405348
0.465998	-0.403462
0.466998	-0.401574
0.467998	-0.399683
0.468998	-0.397790
0.469997	-0.395894
0.470997	-0.393995
0.471997	-0.392094
0.472997	-0.390190
0.473997	-0.388283
0.474997	-0.386374
0.475997	-0.384462
0.476997	-0.382547
0.477997	-0.380630
0.478997	-0.378710
0.479997	-0.376787
0.480997	-0.374861
0.481997	-0.372933
0.482997	-0.371003
0.483997	-0.369069
0.484997	-0.367133
0.485997	-0.365194
0.486997	-0.363253
0.487997	-0.361309
0.488997	-0.359362
0.489997	-0.357413
0.490997	-0.355461
0.491997	-0.353506
0.492997	-0.351548
0.493997	-0.349588
0.494997	-0.347625
0.495997	-0.345660
0.496997	-0.343692
0.497997	-0.341721
0.498997	-0.339747
0.499997	-0.337771
0.500997	-0.335792
0.501997	-0.333811
0.502997	-0.331826
0.503997	-0.329839
0.504997	-0.327850
0.505997	-0.325857
0.506997	-0.323862
0.507997	-0.321865
0.508997	-0.319865
0.509997	-0.317861
0.510997	-0.315856
0.511997	-0.313847
0.512997	-0.311836
0.513997	-0.309823
0.514997	-0.307806
0.515997	-0.305787
0.516997	-0.303765
0.517997	-0.301741
0.518997	-0.299714
0.519997	-0.297684
0.520997	-0.295651
0.521997	-0.293616
0.522997	-0.291578
0.523997	-0.289537
0.524997	-0.287494
0.525997	-0.285448
0.526997	-0.283399
0.527997	-0.281348
0.528997	-0.279294
0.529997	-0.277237
0.530997	-0.275178
0.531997	-0.273115
0.532997	-0.271050
0.533997	-0.268983
0.534997	-0.266913
0.535997	-0.264840
0.536997	-0.262764
0.537997	-0.260686
0.538997	-0.258605
0.539997	-0.256521
0.540997	-0.254435
0.541997	-0.252345
0.542997	-0.250254
0.543997	-0.248159
0.544997	-0.246062
0.545997	-0.243962
0.546997	-0.241859
0.547997	-0.239754
0.548997	-0.237646
0.549996	-0.235535
0.550996	-0.233422
0.551996	-0.231306
0.552996	-0.229187
0.553996	-0.227065
0.554996	-0.224941
0.555996	-0.222814
0.556996	-0.220684
0.557996	-0.218552
0.558996	-0.216417
0.559996	-0.214279
0.560996	-0.212139
0.561996	-0.209995
0.562996	-0.207849
0.563996	-0.205701
0.564996	-0.203550
0.565996	-0.201395
0.566996	-0.199239
0.567996	-0.197079
0.568996	-0.194917
0.569996	-0.192752
0.570996	-0.190585
0.571996	-0.188414
0.572996	-0.186241
0.573996	-0.184066
0.574996	-0.181887
0.575996	-0.179706
0.576996	-0.177522
0.577996	-0.175335
0.578996	-0.173146
0.579996	-0.170954
0.580996	-0.168759
0.581996	-0.166562
0.582996	-0.164362
0.583996	-0.162159
0.584996	-0.159953
0.585996	-0.157745
0.586996	-0.155534
0.587996	-0.153320
0.588996	-0.151103
0.589996	-0.148884
0.590996	-0.146662
0.591996	-0.144438
0.592996	-0.142210
0.593996	-0.139980
0.594996	-0.137747
0.595996	-0.135512
0.596996	-0.133273
0.597996	-0.131032
0.598996	-0.128788
0.599996	-0.126542
0.600996	-0.124293
0.601996	-0.122041
0.602996	-0.119786
0.603996	-0.117529
0.604996	-0.115269
0.605996	-0.113006
0.606996	-0.110740
0.607996	-0.108472
0.608996	-0.106201
0.609996	-0.103927
0.610996	-0.101651
0.611996	-0.099371
0.612996	-0.097089
0.613996	-0.094805
0.614996	-0.092517
0.615996	-0.090227
0.616996	-0.087934
0.617996	-0.085638
0.618996	-0.083340
0.619996	-0.081039
0.620996	-0.078735
0.621996	-0.076428
0.622996	-0.074119
0.623996	-0.071807
0.624996	-0.069492
0.625996	-0.067175
0.626996	-0.064854
0.627995	-0.062531
0.628995	-0.060205
0.629995	-0.057877
0.630995	-0.055546
0.631995	-0.053212
0.632995	-0.050875
0.633995	-0.048535
0.634995	-0.046193
0.635995	-0.043848
0.636995	-0.041500
0.637995	-0.039150
0.638995	-0.036797
0.639995	-0.034441
0.640995	-0.032082
0.641995	-0.029720
0.642995	-0.027356
0.643995	-0.024989
0.644995	-0.022619
0.645995	-0.020247
0.646995	-0.017872
0.647995	-0.015494
0.648995	-0.013113
0.649995	-0.010729
0.650995	-0.008343
0.651995	-0.005954
0.652995	-0.003562
0.653995	-0.001168
0.654995	0.001229
0.655995	0.003629
0.656995	0.006032
0.657995	0.008438
0.658995	0.010846
0.659995	0.013257
0.660995	0.015671
0.661995	0.018087
0.662995	0.020507
0.663995	0.022929
0.664995	0.025354
0.665995	0.027781
0.666995	0.030212
0.667995	0.032645
0.668995	0.035081
0.669995	0.037519
0.670995	0.039961
0.671995	0.042405
0.672995	0.044852
0.673995	0.047301
0.674995	0.049754
0.675995	0.052209
0.676995	0.054667
0.677995	0.057128
0.678995	0.059592
0.679995	0.062058
0.680995	0.064527
0.681995	0.066999
0.682995	0.069473
0.683995	0.071951
0.684995	0.074431
0.685995	0.076914
0.686995	0.079400
0.687995	0.081888
0.688995	0.084379
0.689995	0.086873
0.690995	0.089370
0.691995	0.091870
0.692995	0.094372
0.693995	0.096877
0.694995	0.099385
0.695995	0.101896
0.696995	0.104409
0.697995	0.106926
0.698995	0.109445
0.699995	0.111966
0.700995	0.114491
0.701995	0.117018
0.702995	0.119549
0.703995	0.122081
0.704994	0.124617
0.705994	0.127156
0.706994	0.129697
0.707994	0.132241
0.708994	0.134788
0.709994	0.137337
0.710994	0.139890
0.711994	0.142445
0.712994	0.145003
0.713994	0.147564
0.714994	0.150127
0.715994	0.152694
0.716994	0.155263
0.717994	0.157835
0.718994	0.160410
0.719994	0.162987
0.720994	0.165567
0.721994	0.168150
0.722994	0.170736
0.723994	0.173325
0.724994	0.175916
0.725994	0.178511
0.726994	0.181108
0.727994	0.183708
0.728994	0.186310
0.729994	0.188916
0.730994	0.191524
0.731994	0.194135
0.732994	0.196749
0.733994	0.199365
0.734994	0.201985
0.735994	0.204607
0.736994	0.207232
0.737994	0.209860
0.738994	0.212490
0.739994	0.215124
0.740994	0.217760
0.741994	0.220399
0.742994	0.223041
0.743994	0.225686
0.744994	0.228333
0.745994	0.230983
0.746994	0.233636
0.747994	0.236292
0.748994	0.238951
0.749994	0.241612
0.750994	0.244277
0.751994	0.246944
0.752994	0.249614
0.753994	0.252286
0.754994	0.254962
0.755994	0.257640
0.756994	0.260321
0.757994	0.263005
0.758994	0.265692
0.759994	0.268382
0.760994	0.271074
0.761994	0.273769
0.762994	0.276467
0.763994	0.279168
0.764994	0.281872
0.765994	0.284578
0.766994	0.287287
0.767994	0.289999
0.768994	0.292714
0.769994	0.295432
0.770994	0.298153
0.771994	0.300876
0.772994	0.303602
0.773994	0.306331
0.774994	0.309063
0.775994	0.311798
0.776994	0.314535
0.777994	0.317275
0.778994	0.320018
0.779994	0.322764
0.780994	0.325513
0.781994	0.328265
0.782993	0.331019
0.783993	0.333776
0.784993	0.336536
0.785993	0.339299
0.786993	0.342065
0.787993	0.344834
0.788993	0.347605
0.789993	0.350379
0.790993	0.353156
0.791993	0.355936
0.792993	0.358719
0.793993	0.361504
0.794993	0.364293
0.795993	0.367084
0.796993	0.369878
0.797993	0.372675
0.798993	0.375474
0.799993	0.378277
0.800993	0.381082
0.801993	0.383890
0.802993	0.386701
0.803993	0.389515
0.804993	0.392332
0.805993	0.395152
0.806993	0.397974
0.807993	0.400799
0.808993	0.403627
0.809993	0.406458
0.810993	0.409292
0.811993	0.412129
0.812993	0.414968
0.813993	0.417810
0.814993	0.420655
0.815993	0.423503
0.816993	0.426354
0.817993	0.429208
0.818993	0.432064
0.819993	0.434924
0.820993	0.437786
0.821993	0.440651
0.822993	0.443519
0.823993	0.446390
0.824993	0.449263
0.825993	0.452140
0.826993	0.455019
0.827993	0.457901
0.828993	0.460786
0.829993	0.463674
0.830993	0.466565
0.831993	0.469458
0.832993	0.472355
0.833993	0.475254
0.834993	0.478156
0.835993	0.481061
0.836993	0.483969
0.837993	0.486880
0.838993	0.489793
0.839993	0.492710
0.840993	0.495629
0.841993	0.498551
0.842993	0.501476
0.843993	0.504404
0.844993	0.507335
0.845993	0.510268
0.846993	0.513205
0.847993	0.516144
0.848993	0.519086
0.849993	0.522031
0.850993	0.524979
0.851993	0.527930
0.852993	0.530884
0.853993	0.533840
0.854993	0.536799
0.855993	0.539762
0.856993	0.542727
0.857993	0.545695
0.858993	0.548666
0.859993	0.551639
0.860992	0.554616
0.861992	0.557595
0.862992	0.560578
0.863992	0.563563
0.864992	0.566551
0.865992	0.569542
0.866992	0.572536
0.867992	0.575533
0.868992	0.578532
0.869992	0.581535
0.870992	0.584540
0.871992	0.587548
0.872992	0.590559
0.873992	0.593573
0.874992	0.596590
0.875992	0.599610
0.876992	0.602632
0.877992	0.605658
0.878992	0.608686
0.879992	0.611718
0.880992	0.614752
0.881992	0.617789
0.882992	0.620829
0.883992	0.623872
0.884992	0.626917
0.885992	0.629966
0.886992	0.633017
0.887992	0.636072
0.888992	0.639129
0.889992	0.642189
0.890992	0.645252
0.891992	0.648318
0.892992	0.651387
0.893992	0.654458
0.894992	0.657533
0.895992	0.660610
0.896992	0.663691
0.897992	0.666774
0.898992	0.669860
0.899992	0.672949
0.900992	0.676041
0.901992	0.679136
0.902992	0.682234
0.903992	0.685334
0.904992	0.688438
0.905992	0.691544
0.906992	0.694654
0.907992	0.697766
0.908992	0.700881
0.909992	0.703999
0.910992	0.707120
0.911992	0.710244
0.912992	0.713371
0.913992	0.716500
0.914992	0.719633
0.915992	0.722768
0.916992	0.725907
0.917992	0.729048
0.918992	0.732192
0.919992	0.735339
0.920992	0.738489
0.921992	0.741642
0.922992	0.744798
0.923992	0.747957
0.924992	0.751118
0.925992	0.754283
0.926992	0.757450
0.927992	0.760621
0.928992	0.763794
0.929992	0.766970
0.930992	0.770149
0.931992	0.773331
0.932992	0.776516
0.933992	0.779704
0.934992	0.782895
0.935992	0.786089
0.936992	0.789285
0.937991	0.792485
0.938991	0.795687
0.939991	0.798893
0.940991	0.802101
0.941991	0.805312
0.942991	0.808526
0.943991	0.811743
0.944991	0.814963
0.945991	0.818186
0.946991	0.821412
0.947991	0.824641
0.948991	0.827872
0.949991	0.831107
0.950991	0.834345
0.951991	0.837585
0.952991	0.840828
0.953991	0.844075
0.954991	0.847324
0.955991	0.850576
0.956991	0.853831
0.957991	0.857089
0.958991	0.860350
0.959991	0.863614
0.960991	0.866881
0.961991	0.870151
0.962991	0.873424
0.963991	0.876699
0.964991	0.879978
0.965991	0.883259
0.966991	0.886544
0.967991	0.889831
0.968991	0.893122
0.969991	0.896415
0.970991	0.899711
0.971991	0.903010
0.972991	0.906312
0.973991	0.909618
0.974991	0.912926
0.975991	0.916236
0.976991	0.919550
0.977991	0.922867
0.978991	0.926187
0.979991	0.929510
0.980991	0.932835
0.981991	0.936164
0.982991	0.939496
0.983991	0.942830
0.984991	0.946167
0.985991	0.949508
0.986991	0.952851
0.987991	0.956198
0.988991	0.959547
0.989991	0.962899
0.990991	0.966254
0.991991	0.969612
0.992991	0.972973
0.993991	0.976337
0.994991	0.979704
0.995991	0.983074
0.996991	0.986447
0.997991	0.989823
0.998991	0.993202
0.999991	0.996584
1.000991	0.999969
1.001991	1.003356
1.002991	1.006747
1.003991	1.010141
1.004991	1.013538
1.005991	1.016938
1.006991	1.020340
1.007991	1.023746
1.008991	1.027155
1.009991	1.030566
1.010991	1.033981
1.011991	1.037398
1.012991	1.040819
1.013991	1.044243
1.014991	1.047669
1.015991	1.051098
1.016991	1.054531
1.017992	1.057966
1.018992	1.061404
1.019992	1.064846
1.020992	1.068290
1.021992	1.071737
1.022992	1.075188
1.023992	1.078641
1.024992	1.082097
1.025992	1.085556
1.026992	1.089018
1.027992	1.092484
1.028992	1.095952
1.029992	1.099423
1.030992	1.102897
1.031992	1.106374
1.032992	1.109854
1.033992	1.113337
1.034992	1.116823
1.035992	1.120312
1.036992	1.123804
1.037992	1.127299
1.038993	1.130797
1.039993	1.134298
1.040993	1.137802
1.041993	1.141309
1.042993	1.144818
1.043993	1.148331
1.044993	1.151847
1.045993	1.155366
1.046993	1.158888
1.047993	1.162413
1.048993	1.165941
1.049993	1.169471
1.050993	1.173005
1.051993	1.176542
1.052993	1.180082
1.053993	1.183625
1.054993	1.187171
1.055993	1.190719
1.056993	1.194271
1.057993	1.197826
1.058993	1.201384
1.059994	1.204945
1.060994	1.208508
1.061994	1.212075
1.062994	1.215645
1.063994	1.219218
1.064994	1.222794
1.065994	1.226372
1.066994	1.229954
1.067994	1.233539
1.068994	1.237127
1.069994	1.240718
1.070994	1.244312
1.071994	1.247909
1.072994	1.251508
1.073994	1.255111
1.074994	1.258717
1.075994	1.262326
1.076994	1.265938
1.077994	1.269553
1.078994	1.273171
1.079994	1.276792
1.080994	1.280416
1.081995	1.284043
1.082995	1.287673
1.083995	1.291306
1.084995	1.294942
1.085995	1.298581
1.086995	1.302223
1.087995	1.305868
1.088995	1.309516
1.089995	1.313168
1.090995	1.316822
1.091995	1.320479
1.092995	1.324139
1.093995	1.327802
1.094995	1.331469
1.095995	1.335138
1.096995	1.338810
1.097995	1.342486
1.098995	1.346164
1.099995	1.349845
1.100995	1.353530
1.101995	1.357217
1.102996	1.360908
1.103996	1.364601
1.104996	1.368298
1.105996	1.371997
1.106996	1.375700
1.107996	1.379406
1.108996	1.383115
1.109996	1.386826
1.110996	1.390541
1.111996	1.394259
1.112996	1.397980
1.113996	1.401704
1.114996	1.405430
1.115996	1.409160
1.116996	1.412893
1.117996	1.416630
1.118996	1.420369
1.119996	1.424111
1.120996	1.427856
1.121996	1.431604
1.122996	1.435355
1.123996	1.439110
1.124997	1.442867
1.125997	1.446627
1.126997	1.450391
1.127997	1.454157
1.128997	1.457927
1.129997	1.461700
1.130997	1.465475
1.131997	1.469254
1.132997	1.473036
1.133997	1.476820
1.134997	1.480608
1.135997	1.484399
1.136997	1.488193
1.137997	1.491990
1.138997	1.495790
1.139997	1.499593
1.140997	1.503400
1.141997	1.507209
1.142997	1.511021
1.143997	1.514837
1.144997	1.518655
1.145998	1.522477
1.146998	1.526301
1.147998	1.530129
1.148998	1.533960
1.149998	1.537793
1.150998	1.541630
1.151998	1.545470
1.152998	1.549313
1.153998	1.553159
1.154998	1.557008
1.155998	1.560860
1.156998	1.564716
1.157998	1.568574
1.158998	1.572435
1.159998	1.576300
1.160998	1.580167
1.161998	1.584038
1.162998	1.587911
1.163998	1.591788
1.164998	1.595668
1.165998	1.599551
1.166999	1.603437
1.167999	1.607326
1.168999	1.611218
1.169999	1.615113
1.170999	1.619012
1.171999	1.622913
1.172999	1.626818
1.173999	1.630725
1.174999	1.634636
1.175999	1.638549
1.176999	1.642466
1.177999	1.646386
1.178999	1.650309
1.179999	1.654235
1.180999	1.658164
1.181999	1.662097
1.182999	1.666032
1.183999	1.669970
1.184999	1.673912
1.185999	1.677856
1.186999	1.681804
1.187999	1.685755
1.189000	1.689709
1.190000	1.693666
1.191000	1.697626
1.192000	1.701589
1.193000	1.705555
1.194000	1.709525
1.195000	1.713497
1.196000	1.717473
1.197000	1.721451
1.198000	1.725433
1.199000	1.729418
1.200000	1.733406
1.201000	1.737397
1.202000	1.741391
1.203000	1.745388
1.204000	1.749389
1.205000	1.753392
1.206000	1.757399
1.207000	1.761409
1.208000	1.765421
1.209000	1.769437
1.210001	1.773456
1.211001	1.777478
1.212001	1.781504
1.213001	1.785532
1.214001	1.789564
1.215001	1.793598
1.216001	1.797636
1.217001	1.801677
1.218001	1.805721
1.219001	1.809768
1.220001	1.813818
1.221001	1.817871
1.222001	1.821928
1.223001	1.825987
1.224001	1.830050
1.225001	1.834116
1.226001	1.838184
1.227001	1.842256
1.228001	1.846332
1.229001	1.850410
1.230001	1.854491
1.231001	1.858576
1.232002	1.862664
1.233002	1.866754
1.234002	1.870848
1.235002	1.874945
1.236002	1.879045
1.237002	1.883149
1.238002	1.887255
1.239002	1.891365
1.240002	1.895477
1.241002	1.899593
1.242002	1.903712
1.243002	1.907834
1.244002	1.911960
1.245002	1.916088
1.246002	1.920219
1.247002	1.924354
1.248002	1.928492
1.249002	1.932633
1.250002	1.936777
1.251002	1.940924
1.252002	1.945074
1.253003	1.949228
1.254003	1.953385
1.255003	1.957544
1.256003	1.961707
1.257003	1.965873
1.258003	1.970043
1.259003	1.974215
1.260003	1.978391
1.261003	1.982569
1.262003	1.986751
1.263003	1.990936
1.264003	1.995124
1.265003	1.999316
1.266003	2.003510
1.267003	2.007708
1.268003	2.011908
1.269003	2.016112
1.270003	2.020319
1.271003	2.024530
1.272003	2.028743
1.273003	2.032959
1.274004	2.037179
1.275004	2.041402
1.276004	2.045628
1.277004	2.049857
1.278004	2.054090
1.279004	2.058325
1.280004	2.062564
1.281004	2.066806
1.282004	2.071051
1.283004	2.075299
1.284004	2.079551
1.285004	2.083805
1.286004	2.088063
1.287004	2.092324
1.288004	2.096588
1.289004	2.100855
1.290004	2.105125
1.291004	2.109399
1.292004	2.113676
1.293004	2.117955
1.294004	2.122238
1.295004	2.126525
1.296005	2.130814
1.297005	2.135107
1.298005	2.139403
1.299005	2.143702
1.300005	2.148004
1.301005	2.152309
1.302005	2.156618
1.303005	2.160929
1.304005	2.165244
1.305005	2.169562
1.306005	2.173884
1.307005	2.178208
1.308005	2.182536
1.309005	2.186867
1.310005	2.191201
1.311005	2.195538
1.312005	2.199878
1.313005	2.204222
1.314005	2.208569
1.315005	2.212919
1.316005	2.217272
1.317006	2.221628
1.318006	2.225988
1.319006	2.230351
1.320006	2.234717
1.321006	2.239086
1.322006	2.243458
1.323006	2.247834
1.324006	2.252213
1.325006	2.256594
1.326006	2.260980
1.327006	2.265368
1.328006	2.269760
1.329006	2.274154
1.330006	2.278553
1.331006	2.282954
1.332006	2.287358
1.333006	2.291766
1.334006	2.296177
1.335006	2.300591
1.336006	2.305008
1.337006	2.309428
1.338006	2.313852
1.339007	2.318279
1.340007	2.322709
1.341007	2.327142
1.342007	2.331579
1.343007	2.336019
1.344007	2.340462
1.345007	2.344908
1.346007	2.349357
1.347007	2.353810
1.348007	2.358266
1.349007	2.362725
1.350007	2.367187
1.351007	2.371653
1.352007	2.376122
1.353007	2.380594
1.354007	2.385069
1.355007	2.389547
1.356007	2.394029
1.357007	2.398514
1.358007	2.403002
1.359007	2.407493
1.360008	2.411988
1.361008	2.416486
1.362008	2.420987
1.363008	2.425491
1.364008	2.429999
1.365008	2.434509
1.366008	2.439023
1.367008	2.443541
1.368008	2.448061
1.369008	2.452585
1.370008	2.457112
1.371008	2.461642
1.372008	2.466175
1.373008	2.470712
1.374008	2.475252
1.375008	2.479795
1.376008	2.484342
1.377008	2.488891
1.378008	2.493444
1.379008	2.498000
1.380008	2.502560
1.381009	2.507122
1.382009	2.511688
1.383009	2.516257
1.384009	2.520830
1.385009	2.525405
1.386009	2.529984
1.387009	2.534567
1.388009	2.539152
1.389009	2.543741
1.390009	2.548333
1.391009	2.552928
1.392009	2.557526
1.393009	2.562128
1.394009	2.566733
1.395009	2.571341
1.396009	2.575953
1.397009	2.580568
1.398009	2.585186
1.399009	2.589807
1.400009	2.594431
1.401009	2.599059
1.402009	2.603690
1.403010	2.608325
1.404010	2.612962
1.405010	2.617603
1.406010	2.622247
1.407010	2.626895
1.408010	2.631546
1.409010	2.636200
1.410010	2.640857
1.411010	2.645518
1.412010	2.650182
1.413010	2.654849
1.414010	2.659519
1.415010	2.664193
1.416010	2.668869
1.417010	2.673550
1.418010	2.678233
1.419010	2.682920
1.420010	2.687610
1.421010	2.692304
1.422010	2.697000
1.423010	2.701700
1.424011	2.706403
1.425011	2.711110
1.426011	2.715820
1.427011	2.720533
1.428011	2.725249
1.429011	2.729969
1.430011	2.734692
1.431011	2.739418
1.432011	2.744148
1.433011	2.748881
1.434011	2.753617
1.435011	2.758356
1.436011	2.763099
1.437011	2.767845
1.438011	2.772594
1.439011	2.777347
1.440011	2.782103
1.441011	2.786862
1.442011	2.791625
1.443011	2.796391
1.444011	2.801160
1.445011	2.805932
1.446012	2.810708
1.447012	2.815487
1.448012	2.820270
1.449012	2.825055
1.450012	2.829844
1.451012	2.834637
1.452012	2.839432
1.453012	2.844231
1.454012	2.849034
1.455012	2.853839
1.456012	2.858648
1.457012	2.863460
1.458012	2.868276
1.459012	2.873095
1.460012	2.877917
1.461012	2.882742
1.462012	2.887571
1.463012	2.892404
1.464012	2.897239
1.465012	2.902078
1.466012	2.906920
1.467013	2.911765
1.468013	2.916614
1.469013	2.921466
1.470013	2.926322
1.471013	2.931180
1.472013	2.936043
1.473013	2.940908
1.474013	2.945777
1.475013	2.950649
1.476013	2.955524
1.477013	2.960403
1.478013	2.965285
1.479013	2.970171
1.480013	2.975060
1.481013	2.979952
1.482013	2.984847
1.483013	2.989746
1.484013	2.994648
1.485013	2.999553
1.486013	3.004462
1.487013	3.009375
1.488014	3.014290
1.489014	3.019209
1.490014	3.024131
1.491014	3.029057
1.492014	3.033986
1.493014	3.038918
1.494014	3.043854
1.495014	3.048793
1.496014	3.053735
1.497014	3.058681
1.498014	3.063630
1.499014	3.068582
1.500014	3.073538
1.501014	3.078497
1.502014	11.659413
1.503014	11.698376
1.504014	11.737490
1.505014	11.776755
1.506014	11.816174
1.507014	11.855744
1.508014	11.895470
1.509014	11.935349
1.510015	11.975383
1.511015	12.015573
1.512015	12.055919
1.513015	12.096422
1.514015	12.137083
1.515015	12.177902
1.516015	12.218881
1.517015	12.260018
1.518015	12.301317
1.519015	12.342776
1.520015	12.384398
1.521015	12.426182
1.522015	12.468129
1.523015	12.510241
1.524015	12.552516
1.525015	12.594957
1.526015	12.637565
1.527015	12.680338
1.528015	12.723280
1.529015	12.766389
1.530015	12.809668
1.531016	12.853116
1.532016	12.896734
1.533016	12.940524
1.534016	12.984486
1.535016	13.028620
1.536016	13.072927
1.537016	13.117410
1.538016	13.162066
1.539016	13.206899
1.540016	13.251907
1.541016	13.297093
1.542016	13.342457
1.543016	13.388000
1.544016	13.433722
1.545016	13.479625
1.546016	13.525708
1.547016	13.571973
1.548016	13.618421
1.549016	13.665052
1.550016	13.711868
1.551016	13.758868
1.552016	13.806055
1.553017	13.853428
1.554017	13.900989
1.555017	13.948738
1.556017	13.996675
1.557017	14.044804
1.558017	14.093122
1.559017	14.141633
1.560017	14.190335
1.561017	14.239232
1.562017	14.288321
1.563017	14.337607
1.564017	14.387088
1.565017	14.436766
1.566017	14.486641
1.567017	14.536715
1.568017	14.586987
1.569017	14.637461
1.570017	14.688135
1.571017	14.739011
1.572017	14.790090
1.573017	14.841372
1.574018	14.892859
1.575018	14.944551
1.576018	14.996450
1.577018	15.048557
1.578018	15.100872
1.579018	15.153396
1.580018	15.206129
1.581018	15.259073
1.582018	15.312230
1.583018	15.365600
1.584018	15.419183
1.585018	15.472980
1.586018	15.526995
1.587018	15.581224
1.588018	15.635673
1.589018	15.690338
1.590018	15.745224
1.591018	15.800330
1.592018	15.855659
1.593018	15.911208
1.594018	15.966982
1.595019	16.022980
1.596019	16.079203
1.597019	16.135653
1.598019	16.192329
1.599019	16.249235
1.600019	16.306370
1.601019	16.363735
1.602019	16.421331
1.603019	16.479162
1.604019	16.537224
1.605019	16.595522
1.606019	16.654055
1.607019	16.712824
1.608019	16.771832
1.609019	16.831078
1.610019	16.890562
1.611019	16.950289
1.612019	17.010258
1.613019	17.070469
1.614019	17.130924
1.615019	17.191626
1.616019	17.252573
1.617020	17.313768
1.618020	17.375210
1.619020	17.436903
1.620020	17.498846
1.621020	17.561041
1.622020	17.623489
1.623020	17.686192
1.624020	17.749149
1.625020	17.812363
1.626020	17.875834
1.627020	17.939564
1.628020	18.003553
1.629020	18.067804
1.630020	18.132317
1.631020	18.197092
1.632020	18.262133
1.633020	18.327440
1.634020	18.393013
1.635020	18.458855
1.636020	18.524965
1.637020	18.591345
1.638021	18.657999
1.639021	18.724924
1.640021	18.792124
1.641021	18.859598
1.642021	18.927351
1.643021	18.995380
1.644021	19.063688
1.645021	19.132278
1.646021	19.201149
1.647021	19.270302
1.648021	19.339741
1.649021	19.409464
1.650021	19.479473
1.651021	19.549770
1.652021	19.620359
1.653021	19.691236
1.654021	19.762407
1.655021	19.833870
1.656021	19.905628
1.657021	19.977682
1.658021	20.050032
1.659021	20.122683
1.660022	20.195631
1.661022	20.268883
1.662022	20.342436
1.663022	20.416294
1.664022	20.490456
1.665022	20.564926
1.666022	20.639704
1.667022	20.714792
1.668022	20.790192
1.669022	20.865902
1.670022	20.941927
1.671022	21.018267
1.672022	21.094925
1.673022	21.171900
1.674022	21.249193
1.675022	21.326809
1.676022	21.404747
1.677022	21.483009
1.678022	21.561598
1.679022	21.640512
1.680022	21.719755
1.681023	21.799328
1.682023	21.879232
1.683023	21.959469
1.684023	22.040041
1.685023	22.120947
1.686023	22.202192
1.687023	22.283777
1.688023	22.365702
1.689023	22.447968
1.690023	22.530579
1.691023	22.613535
1.692023	22.696836
1.693023	22.780489
1.694023	22.864491
1.695023	22.948843
1.696023	23.033548
1.697023	23.118610
1.698023	23.204027
1.699023	23.289803
1.700023	23.375938
1.701023	23.462435
1.702024	23.549295
1.703024	23.636518
1.704024	23.724110
1.705024	23.812069
1.706024	23.900398
1.707024	23.989100
1.708024	24.078173
1.709024	24.167622
1.710024	24.257446
1.711024	24.347651
1.712024	24.438234
1.713024	24.529200
1.714024	24.620548
1.715024	24.712284
1.716024	24.804405
1.717024	24.896917
1.718024	24.989819
1.719024	25.083113
1.720024	25.176802
1.721024	25.270885
1.722024	25.365368
1.723024	25.460251
1.724025	25.555536
1.725025	25.651224
1.726025	25.747318
1.727025	25.843819
1.728025	25.940729
1.729025	26.038050
1.730025	26.135784
1.731025	26.233932
1.732025	26.332499
1.733025	26.431484
1.734025	26.530890
1.735025	26.630718
1.736025	26.730970
1.737025	26.831650
1.738025	26.932758
1.739025	27.034296
1.740025	27.136269
1.741025	27.238674
1.742025	27.341516
1.743025	27.444798
1.744025	27.548519
1.745026	27.652683
1.746026	27.757294
1.747026	27.862350
1.748026	27.967855
1.749026	28.073812
1.750026	28.180222
1.751026	28.287086
1.752026	28.394407
1.753026	28.502190
1.754026	28.610434
1.755026	28.719141
1.756026	28.828314
1.757026	28.937956
1.758026	29.048067
1.759026	29.158651
1.760026	29.269711
1.761026	29.381248
1.762026	29.493263
1.763026	29.605761
1.764026	29.718740
1.765026	29.832209
1.766026	29.946163
1.767027	30.060610
1.768027	30.175547
1.769027	30.290981
1.770027	30.406914
1.771027	30.523344
1.772027	30.640278
1.773027	30.757715
1.774027	30.875660
1.775027	30.994116
1.776027	31.113081
1.777027	31.232561
1.778027	31.352558
1.779027	31.473074
1.780027	31.594112
1.781027	31.715673
1.782027	31.837761
1.783027	31.960377
1.784027	32.083523
1.785027	32.207207
1.786027	32.331425
1.787027	32.456181
1.788028	32.581478
1.789028	32.707321
1.790028	32.833710
1.791028	32.960648
1.792028	33.088139
1.793028	33.216183
1.794028	33.344784
1.795028	33.473946
1.796028	33.603668
1.797028	33.733959
1.798028	33.864815
1.799028	33.996239
1.800028	34.128239
1.801028	34.260815
1.802028	34.393967
1.803028	34.527702
1.804028	34.662022
1.805028	34.796925
1.806028	34.932423
1.807028	35.068508
1.808028	35.205193
1.809029	35.342472
1.810029	35.480354
1.811029	35.618839
1.812029	35.757931
1.813029	35.897633
1.814029	36.037945
1.815029	36.178875
1.816029	36.320423
1.817029	36.462589
1.818029	36.605381
1.819029	36.748802
1.820029	36.892853
1.821029	37.037537
1.822029	37.182854
1.823029	37.328812
1.824029	37.475414
1.825029	37.622658
1.826029	37.770554
1.827029	37.919098
1.828029	38.068298
1.829029	38.218159
1.830029	38.368679
1.831030	38.519859
1.832030	38.671711
1.833030	38.824234
1.834030	38.977428
1.835030	39.131298
1.836030	39.285851
1.837030	39.441086
1.838030	39.597008
1.839030	39.753620
1.840030	39.910927
1.841030	40.068928
1.842030	40.227631
1.843030	40.387035
1.844030	40.547146
1.845030	40.707970
1.846030	40.869507
1.847030	41.031761
1.848030	41.194733
1.849030	41.358429
1.850030	41.522858
1.851030	41.688011
1.852031	41.853901
1.853031	42.020531
1.854031	42.187901
1.855031	42.356018
1.856031	42.524879
1.857031	42.694496
1.858031	42.864872
1.859031	43.036003
1.860031	43.207897
1.861031	43.380562
1.862031	43.553997
1.863031	43.728203
1.864031	43.903191
1.865031	44.078960
1.866031	44.255512
1.867031	44.432858
1.868031	44.610996
1.869031	44.789928
1.870031	44.969666
1.871031	45.150208
1.872031	45.331558
1.873031	45.513721
1.874032	45.696701
1.875032	45.880501
1.876032	46.065128
1.877032	46.250584
1.878032	46.436871
1.879032	46.623997
1.880032	46.811962
1.881032	47.000771
1.882032	47.190430
1.883032	47.380943
1.884032	47.572315
1.885032	47.764549
1.886032	47.957645
1.887032	48.151615
1.888032	48.346458
1.889032	48.542183
1.890032	48.738785
1.891032	48.936279
1.892032	49.134663
1.893032	49.333942
1.894032	49.534122
1.895033	49.735207
1.896033	49.937202
1.897033	50.140110
1.898033	50.343937
1.899033	50.548687
1.900033	50.754364
1.901033	50.960972
1.902033	51.168514
1.903033	51.376999
1.904033	51.586430
1.905033	51.796810
1.906033	52.008144
1.907033	52.220440
1.908033	52.433701
1.909033	52.647930
1.910033	52.863132
1.911033	53.079311
1.912033	53.296474
1.913033	53.514629
1.914033	53.733772
1.915033	53.953915
1.916034	54.175064
1.917034	54.397217
1.918034	54.620384
1.919034	54.844566
1.920034	55.069775
1.921034	55.296009
1.922034	55.523277
1.923034	55.751583
1.924034	55.980934
1.925034	56.211330
1.926034	56.442783
1.927034	56.675293
1.928034	56.908867
1.929034	57.143509
1.930034	57.379227
1.931034	57.616024
1.932034	57.853905
1.933034	58.092880
1.934034	58.332947
1.935034	58.574120
1.936034	58.816395
1.937034	59.059784
1.938035	59.304295
1.939035	59.549923
1.940035	59.796684
1.941035	60.044579
1.942035	60.293613
1.943035	60.543797
1.944035	60.795128
1.945035	61.047619
1.946035	61.301270
1.947035	61.556091
1.948035	61.812088
1.949035	62.069267
1.950035	62.327629
1.951035	62.587185
1.952035	62.847939
1.953035	63.109898
1.954035	63.373070
1.955035	63.637455
1.956035	63.903061
1.957035	64.169899
1.958035	64.437965
1.959036	64.707283
1.960036	64.977837
1.961036	65.249649
1.962036	65.522720
1.963036	65.797058
1.964036	66.072670
1.965036	66.349564
1.966036	66.627731
1.967036	66.907196
1.968036	67.187958
1.969036	67.470032
1.970036	67.753410
1.971036	68.038101
1.972036	68.324120
1.973036	68.611473
1.974036	68.900162
1.975036	69.190193
1.976036	69.481575
1.977036	69.774315
1.978036	70.068420
1.979036	70.363899
1.980036	70.660751
1.981037	70.958992
1.982037	71.258629
1.983037	71.559662
1.984037	71.862099
1.985037	72.165947
1.986037	72.471222
1.987037	72.777924
1.988037	73.086052
1.989037	73.395630
1.990037	73.706657
1.991037	74.019142
1.992037	74.333092
1.993037	74.648506
1.994037	74.965401
1.995037	75.283791
1.996037	75.603668
1.997037	75.925041
1.998037	76.247932
1.999037	76.572334
2.000037	76.898270
2.001037	77.225731
2.002037	77.554688
2.003037	77.885201
2.004037	78.217262
2.005037	78.550896
2.006037	78.886093
2.007037	79.222870
2.008037	79.561234
2.009037	79.901192
2.010037	80.242752
2.011037	80.585930
2.012037	80.930725
2.013036	81.277145
2.014036	81.625198
2.015036	81.974899
2.016036	82.326256
2.017036	82.679268
2.018036	83.033958
2.019036	83.390320
2.020036	83.748367
2.021036	84.108116
2.022036	84.469559
2.023036	84.832726
2.024036	85.197601
2.025036	85.564217
2.026036	85.932571
2.027035	86.302666
2.028035	86.674522
2.029035	87.048149
2.030035	87.423546
2.031035	87.800720
2.032035	88.179695
2.033035	88.560471
2.034035	88.943054
2.035035	89.327461
2.036035	89.713699
2.037035	90.101776
2.038035	90.491707
2.039035	90.883484
2.040035	91.277138
2.041034	91.672668
2.042034	92.070084
2.043034	92.469391
2.044034	92.870613
2.045034	93.273750
2.046034	93.678810
2.047034	94.085808
2.048034	94.494751
2.049034	94.905647
2.050034	95.318512
2.051034	95.733353
2.052034	96.150177
2.053034	96.569000
2.054034	96.989838
2.055033	97.412682
2.056033	97.837555
2.057033	98.264473
2.058033	98.693436
2.059033	99.124451
2.060033	99.557541
2.061033	99.992714
2.062033	100.429977
2.063033	100.869339
2.064033	101.310814
2.065033	101.754417
2.066033	102.200150
2.067033	102.648033
2.068033	103.098068
2.069032	103.550278
2.070032	104.004662
2.071032	104.461243
2.072032	104.920013
2.073032	105.381004
2.074032	105.844223
2.075032	106.309677
2.076032	106.777374
2.077032	107.247337
2.078032	107.719566
2.079032	108.194084
2.080032	108.670891
2.081032	109.150009
2.082031	109.631439
2.083031	110.115211
2.084031	110.601318
2.085031	111.089783
2.086031	111.580612
2.087031	112.073830
2.088031	112.569427
2.089031	113.067436
2.090031	113.567863
2.091031	114.070724
2.092031	114.576019
2.093031	115.083778
2.094031	115.593994
2.095031	116.106697
2.096030	116.621895
2.097030	117.139603
2.098030	117.659828
2.099030	118.182587
2.100030	118.707886
2.101030	119.235748
2.102030	119.766190
2.103030	120.299210
2.104030	120.834831
2.105030	121.373070
2.106030	121.913940
2.107030	122.457443
2.108030	123.003609
2.109030	123.552437
2.110029	124.103951
2.111029	124.658157
2.112029	125.215080
2.113029	125.774727
2.114029	126.337120
2.115029	126.902260
2.116029	127.470169
2.117029	128.040863
2.118029	128.614349
2.119029	129.190659
2.120029	129.769791
2.121029	130.351761
2.122029	130.936600
2.123029	131.524292
2.124028	132.114883
2.125028	132.708374
2.126028	133.304794
2.127028	133.904129
2.128028	134.506424
2.129028	135.111679
2.130028	135.719925
2.131028	136.331161
2.132028	136.945404
2.133028	137.562668
2.134028	138.182983
2.135028	138.806366
2.136028	139.432816
2.137028	140.062347
2.138027	140.695007
2.139027	141.330780
2.140027	141.969696
2.141027	142.611771
2.142027	143.257019
2.143027	143.905472
2.144027	144.557114
2.145027	145.211990
2.146027	145.870102
2.147027	146.531479
2.148027	147.196136
2.149027	147.864090
2.150027	148.535355
2.151026	149.209946
2.152026	149.887878
2.153026	150.569183
2.154026	151.253860
2.155026	151.941956
2.156026	152.633453
2.157026	153.328400
2.158026	154.026794
2.159026	154.728668
2.160026	155.434036
2.161026	156.142914
2.162026	156.855316
2.163026	157.571274
2.164026	158.290802
2.165025	159.013901
2.166025	159.740616
2.167025	160.470963
2.168025	161.204941
2.169025	161.942581
2.170025	162.683914
2.171025	163.428955
2.172025	164.177704
2.173025	164.930206
2.174025	165.686462
2.175025	166.446518
2.176025	167.210358
2.177025	167.978027
2.178025	168.749557
2.179024	169.524933
2.180024	170.304199
2.181024	171.087372
2.182024	171.874466
2.183024	172.665512
2.184024	173.460526
2.185024	174.259537
2.186024	175.062561
2.187024	175.869614
2.188024	176.680725
2.189024	177.495911
2.190024	178.315201
2.191024	179.138596
2.192024	179.966156
2.193023	180.797867
2.194023	181.633774
2.195023	182.473877
2.196023	183.318237
2.197023	184.166840
2.198023	185.019714
2.199023	185.876907
2.200023	186.738419
2.201023	187.604279
2.202023	188.474503
2.203023	189.349136
2.204023	190.228180
2.205023	191.111664
2.206023	191.999619
2.207022	192.892075
2.208022	193.789047
2.209022	194.690552
2.210022	195.596619
2.211022	196.507278
2.212022	197.422546
2.213022	198.342468
2.214022	199.267044
2.215022	200.196304
2.216022	201.130295
2.217022	202.069016
2.218022	203.012512
2.219022	203.960785
2.220021	204.913895
2.221021	205.871841
2.222021	206.834656
2.223021	207.802368
2.224021	208.775009
2.225021	209.752594
2.226021	210.735168
2.227021	211.722733
2.228021	212.715347
2.229021	213.712997
2.230021	214.715759
2.231021	215.723618
2.232021	216.736618
2.233021	217.754807
2.234020	218.778183
2.235020	219.806778
2.236020	220.840637
2.237020	221.879791
2.238020	222.924240
2.239020	223.974045
2.240020	225.029205
2.241020	226.089783
2.242020	227.155777
2.243020	228.227234
2.244020	229.304184
2.245020	230.386658
2.246020	231.474670
2.247020	232.568283
2.248019	233.667480
2.249019	234.772339
2.250019	235.882858
2.251019	236.999084
2.252019	238.121048
2.253019	239.248779
2.254019	240.382309
2.255019	241.521667
2.256019	242.666885
2.257019	243.817993
2.258019	244.975037
2.259019	246.138031
2.260019	247.307022
2.261019	248.482025
2.262018	249.663101
2.263018	250.850266
2.264018	252.043549
2.265018	253.242996
2.266018	254.448624
2.267018	255.660492
2.268018	256.878601
2.269018	258.103027
2.270018	259.333771
2.271018	260.570892
2.272018	261.814392
2.273018	263.064331
2.274018	264.320770
2.275017	265.583679
2.276017	266.853149
2.277017	268.129181
2.278017	269.411835
2.279017	270.701141
2.280017	271.997162
2.281017	273.299866
2.282017	274.609344
2.283017	275.925629
2.284017	277.248749
2.285017	278.578766
2.286017	279.915649
2.287017	281.259521
2.288017	282.610382
2.289016	283.968231
2.290016	285.333191
2.291016	286.705231
2.292016	288.084442
2.293016	289.470825
2.294016	290.864441
2.295016	292.265320
2.296016	293.673492
2.297016	295.089020
2.298016	296.511932
2.299016	297.942291
2.300016	299.380096
2.301016	300.825439
2.302016	302.278320
2.303015	303.738800
2.304015	305.206909
2.305015	306.682709
2.306015	308.166229
2.307015	309.657501
2.308015	311.156586
2.309015	312.663544
2.310015	314.178406
2.311015	315.701172
2.312015	317.231964
2.313015	318.770752
2.314015	320.317627
2.315015	321.872620
2.316015	323.435791
2.317014	325.007172
2.318014	326.586792
2.319014	328.174713
2.320014	329.770996
2.321014	331.375671
2.322014	332.988800
2.323014	334.610413
2.324014	336.240570
2.325014	337.879303
2.326014	339.526672
2.327014	341.182739
2.328014	342.847504
2.329014	344.521088
2.330014	346.203491
2.331013	347.894745
2.332013	349.594971
2.333013	351.304138
2.334013	353.022369
2.335013	354.749664
2.336013	356.486084
2.337013	358.231689
2.338013	359.986511
2.339013	361.750641
2.340013	363.524109
2.341013	365.306976
2.342013	367.099274
2.343013	368.901093
2.344012	370.712433
2.345012	372.533386
2.346012	374.364014
2.347012	376.204346
2.348012	378.054443
2.349012	379.914368
2.350012	381.784180
2.351012	383.663910
2.352012	385.553650
2.353012	387.453400
2.354012	389.363281
2.355012	391.283325
2.356012	393.213593
2.357012	395.154144
2.358011	397.105011
2.359011	399.066284
2.360011	401.037994
2.361011	403.020233
2.362011	405.013031
2.363011	407.016449
2.364011	409.030579
2.365011	411.055450
2.366011	413.091156
2.367011	415.137695
2.368011	417.195190
2.369011	419.263702
2.370011	421.343262
2.371011	423.433960
2.372010	425.535828
2.373010	427.648926
2.374010	429.773376
2.375010	431.909180
2.376010	434.056427
2.377010	436.215210
2.378010	438.385559
2.379010	440.567535
2.380010	442.761230
2.381010	444.966675
2.382010	447.183990
2.383010	449.413177
2.384010	451.654358
2.385010	453.907593
2.386009	456.172943
2.387009	458.450470
2.388009	460.740234
2.389009	463.042358
2.390009	465.356842
2.391009	467.683777
2.392009	470.023285
2.393009	472.375366
2.394009	474.740143
2.395009	477.117676
2.396009	479.508026
2.397009	481.911255
2.398009	484.327484
2.399009	486.756744
2.400008	489.199127
2.401008	491.654694
2.402008	494.123535
2.403008	496.605743
2.404008	499.101349
2.405008	501.610474
2.406008	504.133179
2.407008	506.669525
2.408008	509.219635
2.409008	511.783539
2.410008	514.361328
2.411008	516.953125
2.412008	519.558899
2.413007	522.178894
2.414007	524.813049
2.415007	527.461548
2.416007	530.124390
2.417007	532.801697
2.418007	535.493591
2.419007	538.200073
2.420007	540.921265
2.421007	543.657288
2.422007	546.408142
2.423007	549.174011
2.424007	551.954956
2.425007	554.751038
2.426007	557.562317
2.427006	560.388916
2.428006	563.230957
2.429006	566.088501
2.430006	568.961609
2.431006	571.850342
2.432006	574.754944
2.433006	577.675354
2.434006	580.611694
2.435006	583.564087
2.436006	586.532654
2.437006	589.517395
2.438006	592.518494
2.439006	595.536011
2.440006	598.570068
2.441005	601.620728
2.442005	604.688049
2.443005	607.772217
2.444005	610.873230
2.445005	613.991272
2.446005	617.126465
2.447005	620.278809
2.448005	623.448425
2.449005	626.635498
2.450005	629.840027
2.451005	633.062134
2.452005	636.302002
2.453005	639.559631
2.454005	642.835205
2.455004	646.128784
2.456004	649.440430
2.457004	652.770386
2.458004	656.118591
2.459004	659.485291
2.460004	662.870544
2.461004	666.274414
2.462004	669.697083
2.463004	673.138611
2.464004	676.599121
2.465004	680.078674
2.466004	683.577515
2.467004	687.095642
2.468004	690.633179
2.469003	694.190247
2.470003	697.767029
2.471003	701.363586
2.472003	704.979980
2.473003	708.616394
2.474003	712.272949
2.475003	715.949768
2.476003	719.646912
2.477003	723.364502
2.478003	727.102783
2.479003	730.861694
2.480003	734.641479
2.481003	738.442261
2.482002	742.264099
2.483002	746.107178
2.484002	749.971558
2.485002	753.857422
2.486002	757.764832
2.487002	761.694031
2.488002	765.645020
2.489002	769.617981
2.490002	773.613037
2.491002	777.630371
2.492002	781.670044
2.493002	785.732178
2.494002	789.816956
2.495002	793.924500
2.496001	798.054932
2.497001	802.208374
2.498001	806.385010
2.499001	810.584961
2.500001	814.808350
2.501001	819.055298
2.502001	823.325928
2.503001	827.620422
2.504001	831.938965
2.505001	836.281616
2.506001	840.648560
2.507001	845.039917
2.508001	849.455872
2.509001	853.896484
2.510000	858.362000
2.511000	862.852539
2.512000	867.368225
2.513000	871.909241
2.514000	876.475647
2.515000	881.067688
2.516000	885.685547
2.517000	890.329224
2.518000	894.999023
2.519000	899.695068
2.520000	904.417419
2.521000	909.166382
2.522000	913.941956
2.523000	918.744446
2.523999	923.573914
2.524999	928.430542
2.525999	933.314575
2.526999	938.226013
2.527999	943.165161
2.528999	948.132080
2.529999	953.127014
2.530999	958.150146
2.531999	963.201538
2.532999	968.281494
2.533999	973.390076
2.534999	978.527466
2.535999	983.693848
2.536999	988.889465
2.537998	994.114380
2.538998	999.368896
2.539998	1004.653015
2.540998	1009.967102
2.541998	1015.311218
2.542998	1020.685547
2.543998	1026.090332
2.544998	1031.525757
2.545998	1036.991943
2.546998	1042.489014
2.547998	1048.017334
2.548998	1053.576904
2.549998	1059.168091
2.550997	1064.791016
2.551997	1070.445801
2.552997	1076.132690
2.553997	1081.851807
2.554997	1087.603516
2.555997	1093.387817
2.556997	1099.205078
2.557997	1105.055420
2.558997	1110.938965
2.559997	1116.856079
2.560997	1122.806763
2.561997	1128.791382
2.562997	1134.810059
2.563997	1140.863037
2.564996	1146.950439
2.565996	1153.072632
2.566996	1159.229736
2.567996	1165.421875
2.568996	1171.649414
2.569996	1177.912476
2.570996	1184.211304
2.571996	1190.546021
2.572996	1196.917114
2.573996	1203.324463
2.574996	1209.768433
2.575996	1216.249390
2.576996	1222.767334
2.577996	1229.322510
2.578995	1235.915283
2.579995	1242.545776
2.580995	1249.214233
2.581995	1255.920898
2.582995	1262.666016
2.583995	1269.449829
2.584995	1276.272583
2.585995	1283.134399
2.586995	1290.035645
2.587995	1296.976440
2.588995	1303.957153
2.589995	1310.977905
2.590995	1318.038940
2.591995	1325.140625
2.592994	1332.283203
2.593994	1339.466797
2.594994	1346.691772
2.595994	1353.958252
2.596994	1361.266602
2.597994	1368.616943
2.598994	1376.009766
2.599994	1383.445068
2.600994	1390.923340
2.601994	1398.444702
2.602994	1406.009399
2.603994	1413.617676
2.604994	1421.270020
2.605994	1428.966431
2.606993	1436.707275
2.607993	1444.492920
2.608993	1452.323486
2.609993	1460.199341
2.610993	1468.120728
2.611993	1476.087891
2.612993	1484.101196
2.613993	1492.160889
2.614993	1500.267212
2.615993	1508.420410
2.616993	1516.620972
2.617993	1524.869019
2.618993	1533.164795
2.619992	1541.508789
2.620992	1549.901123
2.621992	1558.342163
2.622992	1566.832153
2.623992	1575.371460
2.624992	1583.960327
2.625992	1592.599121
2.626992	1601.288086
2.627992	1610.027710
2.628992	1618.817993
2.629992	1627.659424
2.630992	1636.552368
2.631992	1645.496948
2.632992	1654.493774
2.633991	1663.542847
2.634991	1672.644653
2.635991	1681.799561
2.636991	1691.007812
2.637991	1700.269775
2.638991	1709.585815
2.639991	1718.956055
2.640991	1728.381104
2.641991	1737.861206
2.642991	1747.396606
2.643991	1756.987671
2.644991	1766.634888
2.645991	1776.338501
2.646991	1786.098755
2.647990	1795.916138
2.648990	1805.791016
2.649990	1815.723633
2.650990	1825.714478
2.651990	1835.763794
2.652990	1845.871948
2.653990	1856.039429
2.654990	1866.266479
2.655990	1876.553467
2.656990	1886.900757
2.657990	1897.308838
2.658990	1907.778076
2.659990	1918.308594
2.660990	1928.901123
2.661989	1939.555786
2.662989	1950.273193
2.663989	1961.053467
2.664989	1971.897217
2.665989	1982.804688
2.666989	1993.776367
2.667989	2004.812622
2.668989	2015.913818
2.669989	2027.080444
2.670989	2038.312866
2.671989	2049.611572
2.672989	2060.976807
2.673989	2072.408936
2.674989	2083.908691
2.675988	2095.476074
2.676988	2107.111816
2.677988	2118.816406
2.678988	2130.590088
2.679988	2142.433105
2.680988	2154.346436
2.681988	2166.330078
2.682988	2178.384521
2.683988	2190.510254
2.684988	2202.707764
2.685988	2214.977295
2.686988	2227.319824
2.687988	2239.735107
2.688987	2252.224121
2.689987	2264.787354
2.690987	2277.424805
2.691987	2290.137207
2.692987	2302.925049
2.693987	2315.788818
2.694987	2328.728760
2.695987	2341.745605
2.696987	2354.839844
2.697987	2368.011963
2.698987	2381.262207
2.699987	2394.591064
2.700987	2407.999512
2.701987	2421.487549
2.702986	2435.055908
2.703986	2448.704834
2.704986	2462.435303
2.705986	2476.247314
2.706986	2490.141602
2.707986	2504.118896
2.708986	2518.179199
2.709986	2532.323730
2.710986	2546.552246
2.711986	2560.865967
2.712986	2575.264893
2.713986	2589.750000
2.714986	2604.321289
2.715986	2618.979980
2.716985	2633.726074
2.717985	2648.560303
2.718985	2663.483398
2.719985	2678.495605
2.720985	2693.597656
2.721985	2708.790039
2.722985	2724.073486
2.723985	2739.448242
2.724985	2754.915283
2.725985	2770.475098
2.726985	2786.127930
2.727985	2801.874756
2.728985	2817.716064
2.729985	2833.652344
2.730984	2849.684082
2.731984	2865.812256
2.732984	2882.037354
2.733984	2898.359863
2.734984	2914.780518
2.735984	2931.299561
2.736984	2947.918213
2.737984	2964.636719
2.738984	2981.455811
2.739984	2998.376221
2.740984	3015.398193
2.741984	3032.522949
2.742984	3049.750732
2.743984	3067.082520
2.744983	3084.518555
2.745983	3102.059570
2.746983	3119.706543
2.747983	3137.459961
2.748983	3155.320557
2.749983	3173.289062
2.750983	3191.365967
2.751983	3209.552002
2.752983	3227.847900
2.753983	3246.254395
2.754983	3264.772217
2.755983	3283.401855
2.756983	3302.144287
2.757982	3321.000244
2.758982	3339.970215
2.759982	3359.054932
2.760982	3378.255371
2.761982	3397.572021
2.762982	3417.005859
2.763982	3436.557617
2.764982	3456.227783
2.765982	3476.017090
2.766982	3495.926758
2.767982	3515.957031
2.768982	3536.109131
2.769982	3556.383545
2.770982	3576.781006
2.771981	3597.302490
2.772981	3617.948730
2.773981	3638.720459
2.774981	3659.618652
2.775981	3680.643799
2.776981	3701.797119
2.777981	3723.079102
2.778981	3744.490723
2.779981	3766.032715
2.780981	3787.706055
2.781981	3809.511230
2.782981	3831.449707
2.783981	3853.521729
2.784981	3875.728516
2.785980	3898.070801
2.786980	3920.549316
2.787980	3943.165283
2.788980	3965.919434
2.789980	3988.812500
2.790980	4011.845459
2.791980	4035.019287
2.792980	4058.334717
2.793980	4081.792725
2.794980	4105.394531
2.795980	4129.140625
2.796980	4153.032227
2.797980	4177.069824
2.798980	4201.254883
2.799979	4225.588379
2.800979	4250.070801
2.801979	4274.703613
2.802979	4299.487305
2.803979	4324.422852
2.804979	4349.511719
2.805979	4374.754395
2.806979	4400.152344
2.807979	4425.706543
2.808979	4451.417480
2.809979	4477.286133
2.810979	4503.313965
2.811979	4529.502441
2.812979	4555.851562
2.813978	4582.362793
2.814978	4609.037109
2.815978	4635.875977
2.816978	4662.879883
2.817978	4690.050781
2.818978	4717.388672
2.819978	4744.895020
2.820978	4772.571289
2.821978	4800.417969
2.822978	4828.436523
2.823978	4856.628418
2.824978	4884.993652
2.825978	4913.534668
2.826977	4942.251953
2.827977	4971.146484
2.828977	5000.219727
2.829977	5029.473145
2.830977	5058.906738
2.831977	5088.522949
2.832977	5118.322266
2.833977	5148.306152
2.834977	5178.476074
2.835977	5208.832520
2.836977	5239.376953
2.837977	5270.110840
2.838977	5301.035156
2.839977	5332.151367
2.840976	5363.460449
2.841976	5394.964355
2.842976	5426.663574
2.843976	5458.559570
2.844976	5490.653320
2.845976	5522.946777
2.846976	5555.440918
2.847976	5588.137207
2.848976	5621.036621
2.849976	5654.141113
2.850976	5687.451172
2.851976	5720.968750
2.852976	5754.694824
2.853976	5788.630859
2.854975	5822.778320
2.855975	5857.138672
2.856975	5891.713379
2.857975	5926.503418
2.858975	5961.510742
2.859975	5996.736328
2.860975	6032.181641
2.861975	6067.848145
2.862975	6103.737793
2.863975	6139.851074
2.864975	6176.190430
2.865975	6212.756836
2.866975	6249.551758
2.867975	6286.576660
2.868974	6323.833496
2.869974	6361.323242
2.870974	6399.047852
2.871974	6437.008301
2.872974	6475.206543
2.873974	6513.644531
2.874974	6552.323242
2.875974	6591.244141
2.876974	6630.409180
2.877974	6669.819824
2.878974	6709.478027
2.879974	6749.384766
2.880974	6789.541992
2.881974	6829.951660
2.882973	6870.615234
2.883973	6911.534180
2.884973	6952.710449
2.885973	6994.145508
2.886973	7035.840820
2.887973	7077.798828
2.888973	7120.020508
2.889973	7162.508301
2.890973	7205.263672
2.891973	7248.288086
2.892973	7291.583496
2.893973	7335.151855
2.894973	7378.994629
2.895972	7423.114258
2.896972	7467.512207
2.897972	7512.189941
2.898972	7557.149414
2.899972	7602.393066
2.900972	7647.922852
2.901972	7693.739746
2.902972	7739.846191
2.903972	7786.243652
2.904972	7832.935059
2.905972	7879.921387
2.906972	7927.205078
2.907972	7974.788086
2.908972	8022.672363
2.909971	8070.859375
2.910971	8119.352051
2.911971	8168.151855
2.912971	8217.260742
2.913971	8266.680664
2.914971	8316.414062
2.915971	8366.463867
2.916971	8416.830078
2.917971	8467.516602
2.918971	8518.524414
2.919971	8569.856445
2.920971	8621.513672
2.921971	8673.500000
2.922971	8725.816406
2.923970	8778.465820
2.924970	8831.450195
2.925970	8884.770508
2.926970	8938.431641
2.927970	8992.432617
2.928970	9046.778320
2.929970	9101.470703
2.930970	9156.510742
2.931970	9211.901367
2.932970	9267.645508
2.933970	9323.745117
2.934970	9380.202148
2.935970	9437.019531
2.936970	9494.199219
2.937969	9551.744141
2.938969	9609.657227
2.939969	9667.939453
2.940969	9726.593750
2.941969	9785.624023
2.942969	9845.030273
2.943969	9904.817383
2.944969	9964.986328
2.945969	10025.541016
2.946969	10086.482422
2.947969	10147.814453
2.948969	10209.539062
2.949969	10271.659180
2.950969	10334.177734
2.951968	10397.095703
2.952968	10460.417969
2.953968	10524.146484
2.954968	10588.284180
2.955968	10652.832031
2.956968	10717.795898
2.957968	10783.175781
2.958968	10848.975586
2.959968	10915.198242
2.960968	10981.846680
2.961968	11048.923828
2.962968	11116.431641
2.963968	11184.374023
2.964967	11252.752930
2.965967	11321.572266
2.966967	11390.834961
2.967967	11460.542969
2.968967	11530.700195
2.969967	11601.309570
2.970967	11672.375000
2.971967	11743.897461
2.972967	11815.880859
2.973967	11888.329102
2.974967	11961.245117
2.975967	12034.630859
2.976967	12108.491211
2.977967	12182.828125
2.978966	12257.645508
2.979966	12332.945312
2.980966	12408.732422
2.981966	12485.009766
2.982966	12561.780273
2.983966	12639.047852
2.984966	12716.815430
2.985966	12795.085938
2.986966	12873.863281
2.987966	12953.150391
2.988966	13032.951172
2.989966	13113.269531
2.990966	13194.108398
2.991966	13275.471680
2.992965	13357.362305
2.993965	13439.784180
2.994965	13522.741211
2.995965	13606.237305
2.996965	13690.274414
2.997965	13774.857422
2.998965	13859.991211
2.999965	13945.676758
3.000965	14031.919922
